14
 103
 236
 231
 172
 248
 91
 135
 177
 177
 203
 162
 248
 75
 249
 213
 113
 114
 29
 235
 107
 143
 219
 163
 47
 1
 174
 169
 211
 85
 185
 8
 32
 140
 26
 198
 26
 106
 228
 105
 111
 23
 174
 33
 47
 62
 82
 186
 11
 147
 229
 177
 43
 69
 205
 134
 241
 103
 245
 175
 97
 209
 127
 2
 114
 196
 0
 16
 150
 218
 218
 197
 173
 71
 124
 0
 66
 223
 249
 100
 108
 27
 206
 127
 42
 159
 90
 243
 253
 185
 121
 203
 112
 89
 11
 120
 52
 65
 182
 250
 52
 192
 238
 233
 23
 137
 0
 68
 163
 26
 70
 193
 0
 249
 151
 132
 226
 113
 122
 55
 212
 218
 141
 138
 176
 235
 61
 231
 255
 12
 24
 152
 150
 240
 130
 98
 252
 117
 107
 87
 187
 22
 199
 167
 6
 213
 78
 57
 71
 58
 225
 5
 87
 146
 218
 192
 221
 187
 138
 24
 218
 50
 59
 20
 185
 90
 193
 236
 13
 224
 93
 224
 23
 27
 171
 34
 77
 143
 43
 52
 21
 222
 25
 123
 97
 121
 33
 23
 186
 3
 102
 210
 155
 74
 101
 80
 101
 210
 146
 120
 153
 20
 58
 163
 86
 76
 156
 153
 63
 174
 223
 96
 65
 210
 21
 175
 160
 65
 192
 210
 215
 251
 223
 39
 26
 105
 128
 213
 72
 124
 83
 159
 65
 226
 172
 186
 43
 73
 4
 194
 228
 76
 26
 86
 115
 236
 133
 169
 200
 246
 226
 208
 117
 10
 36
 207
 103
 88
 111
 134
 152
 30
 211
 230
 216
 243
 37
 20
 11
 219
 128
 177
 209
 178
 162
 148
 231
 220
 240
 4
 218
 196
 53
 111
 195
 139
 123
 213
 34
 143
 111
 109
 184
 62
 224
 65
 93
 148
 88
 108
 161
 182
 22
 232
 122
 251
 191
 208
 54
 56
 65
 50
 104
 90
 143
 105
 191
 11
 63
 103
 176
 135
 221
 203
 66
 210
 93
 53
 131
 67
 107
 14
 245
 66
 148
 22
 112
 87
 97
 54
 45
 168
 43
 237
 173
 62
 171
 25
 111
 101
 35
 183
 213
 95
 55
 158
 160
 77
 39
 100
 232
 225
 209
 51
 184
 5
 114
 226
 17
 127
 243
 89
 25
 25
 180
 147
 4
 70
 38
 185
 65
 196
 94
 177
 113
 192
 228
 158
 213
 137
 188
 166
 14
 146
 59
 7
 43
 74
 225
 168
 37
 19
 116
 251
 122
 110
 21
 38
 19
 22
 92
 170
 136
 132
 179
 70
 208
 119
 127
 50
 106
 125
 10
 244
 198
 193
 179
 164
 114
 209
 154
 31
 125
 171
 180
 124
 199
 148
 63
 46
 239
 128
 220
 30
 232
 121
 254
 40
 133
 197
 85
 227
 129
 180
 31
 206
 233
 218
 128
 56
 224
 85
 159
 153
 243
 90
 109
 103
 31
 138
 68
 134
 43
 197
 61
 198
 201
 15
 73
 51
 194
 153
 194
 115
 8
 173
 163
 118
 30
 85
 188
 151
 118
 114
 172
 92
 162
 8
 133
 16
 160
 22
 135
 14
 120
 206
 202
 107
 125
 60
 184
 77
 250
 117
 246
 147
 106
 190
 158
 170
 205
 39
 51
 185
 197
 62
 28
 166
 240
 88
 239
 0
 65
 193
 150
 176
 30
 62
 116
 112
 236
 76
 117
 64
 21
 155
 186
 133
 59
 121
 125
 23
 210
 216
 107
 11
 48
 189
 203
 227
 129
 195
 139
 208
 200
 178
 164
 195
 146
 189
 120
 105
 94
 131
 165
 46
 184
 1
 84
 38
 6
 110
 149
 54
 43
 173
 30
 23
 245
 225
 90
 128
 254
 120
 217
 60
 25
 115
 129
 87
 54
 200
 235
 73
 190
 67
 135
 14
 150
 103
 134
 215
 123
 126
 214
 71
 18
 105
 68
 114
 186
 17
 123
 107
 207
 194
 105
 196
 228
 252
 70
 195
 30
 70
 232
 226
 185
 11
 110
 85
 235
 164
 84
 123
 122
 228
 104
 232
 110
 146
 242
 147
 10
 255
 214
 16
 215
 224
 105
 156
 151
 169
 244
 208
 142
 213
 251
 84
 85
 87
 113
 226
 17
 253
 27
 97
 15
 122
 235
 200
 20
 8
 15
 171
 153
 139
 52
 8
 27
 192
 22
 217
 195
 212
 33
 211
 171
 212
 100
 56
 87
 30
 125
 255
 254
 150
 248
 242
 171
 67
 64
 25
 55
 202
 38
 170
 132
 158
 120
 169
 196
 98
 209
 187
 144
 179
 122
 219
 95
 166
 202
 70
 30
 180
 144
 199
 112
 85
 17
 19
 164
 99
 74
 68
 199
 249
 179
 161
 170
 226
 94
 52
 178
 72
 27
 3
 170
 237
 112
 105
 131
 110
 222
 98
 221
 252
 33
 166
 136
 195
 19
 52
 136
 178
 232
 99
 201
 103
 183
 172
 195
 234
 140
 122
 219
 214
 208
 11
 182
 31
 93
 140
 74
 239
 9
 74
 100
 41
 79
 210
 72
 13
 77
 49
 87
 194
 235
 157
 118
 120
 12
 143
 108
 6
 163
 27
 66
 227
 68
 109
 74
 5
 105
 27
 160
 15
 10
 214
 248
 158
 67
 71
 87
 100
 72
 146
 51
 69
 97
 9
 91
 44
 165
 163
 94
 19
 104
 77
 33
 144
 78
 235
 185
 60
 126
 66
 21
 32
 160
 245
 27
 213
 231
 100
 47
 89
 116
 46
 124
 250
 160
 81
 26
 251
 236
 5
 212
 0
 129
 242
 224
 124
 13
 206
 149
 113
 189
 16
 40
 191
 99
 55
 126
 97
 176
 221
 120
 143
 18
 238
 184
 21
 220
 49
 152
 227
 7
 172
 150
 207
 77
 160
 1
 27
 208
 182
 180
 59
 85
 161
 50
 86
 143
 54
 242
 245
 25
 61
 168
 40
 198
 245
 28
 23
 148
 133
 26
 20
 150
 218
 24
 205
 138
 208
 188
 99
 125
 60
 119
 206
 149
 124
 128
 122
 52
 66
 136
 97
 139
 61
 44
 88
 172
 8
 24
 143
 147
 118
 154
 172
 148
 160
 18
 59
 167
 56
 181
 102
 88
 84
 211
 234
 140
 20
 96
 177
 113
 72
 103
 226
 247
 114
 165
 250
 231
 218
 199
 235
 127
 189
 